Id,SalePrice
2658,126303.3483676179
2718,152872.4462396072
2414,226010.8829068778
1989,107073.30799180153
625,176782.19481581537
333,93585.79014744252
1327,111237.5689158289
858,155804.5365485861
95,186455.8243261961
1568,171741.99378124284
2482,160660.91496978168
1364,121552.40150541339
2584,150164.09449926807
818,275667.2813150725
2673,149093.1812452589
2089,129235.29038423303
1297,163342.0850163021
790,116567.10530053765
2616,204676.67022974172
720,184101.7234198739
222,155070.21539381635
557,121425.21568235641
1148,197460.99157349273
2766,168772.89156969695
534,182008.7348858291
1452,123427.95385612336
630,121585.31968556253
2648,104294.49651440627
125,162223.7232557557
1904,65976.75181463132
1670,108235.22870360882
756,97227.58304655037
717,171915.3439930507
1032,159858.19775127145
852,213108.63043533996
1731,179547.11518409845
2639,111118.60142983943
2071,95592.00535281317
1267,128202.52264030554
1851,194546.75096188099
567,165633.0089971131
2439,208747.85834598585
1898,157833.7797707048
647,162160.28713396628
2256,208058.67013628557
979,97290.13097824238
1444,220915.8994393517
2485,124097.9361646122
157,136450.1036740118
88,122331.96266649588
2003,111498.46800005164
186,191706.21033305893
1425,233527.68834617466
2695,118184.34824302628
738,111217.29992332206
395,164950.75080394567
1353,173792.2356554096
1878,140554.41113927128
390,169724.5398178502
1456,231593.25335105293
1103,311859.0826232997
1387,119698.88781868649
2070,142547.68740962853
1199,179546.0684939394
2479,175554.50073004808
501,307586.8029044979
2362,98559.43400596808
1718,202945.09317275372
2188,81868.23854617172
1483,153083.8702563475
2557,89811.0626006381
437,348297.7718396374
2224,185154.7571609622
1628,176035.75649369654
397,141570.2989186212
587,195440.56953325262
2182,550161.7612454334
971,139173.49884361154
2611,145414.2172521918
1887,106016.58866061203
2399,374217.57569785207
2148,197132.77514057784
304,121210.62555776081
1997,126215.28195326007
2817,114769.14093293804
1431,202765.00875612785
427,319957.7376754877
263,126757.96932457734
598,175537.61263197337
2895,217443.10258918806
687,148636.26856517434
1822,140526.95517641667
2191,105404.59273071877
179,127252.05958032742
1009,222752.2875848109
2010,136919.28275786052
1991,140985.49311836815
1411,163734.3994030828
1721,227745.95066440848
1144,192516.31539160604
593,223465.2217785843
575,298509.97806006233
1249,170911.0511344118
1604,126373.70350495921
1064,442464.7644981646
1923,151563.72804169063
1988,115826.25824366271
2325,177095.41720928546
114,198978.51482982378
2700,167457.51653926677
217,121332.34118246452
343,175882.37002418662
386,217337.7331463299
2005,121268.04517717038
2908,147641.25521900383
1814,217695.7370039362
2446,499710.0516908303
208,143204.93150272375
1679,109817.96547975519
822,314533.6772958932
6,198558.97702442957
1781,376725.0205921125
2397,280789.0172555038
2340,346043.3070420666
1618,186297.83414542375
2843,127756.3170133939
1061,372157.5339352707
2786,128743.02534337057
1935,141104.72224072076
1341,117677.53312521962
521,261079.91505546359
2136,136267.83364280235
996,212301.73264913898
227,147983.70538096107
135,188281.03635954682
1167,170688.20483878176
294,219315.00225957303
1776,207749.99027978416
540,159213.02209453602
1717,207899.31382937788
2303,134202.23966226296
116,185350.1302326928
127,135741.5730916856
1371,132069.09490183095
1014,139668.06017319352
1507,107493.23348804998
702,121502.53506255908
750,138423.6451711068
261,156292.23716598132
1559,65148.06317005416
577,216538.36291755046
2812,196047.05176817562
2080,152690.59751453518
1368,112102.92815570958
2376,126409.67883781774
659,103580.93994223535
1235,136025.65366820406
332,80611.76869332604
1917,141477.70297979296
2094,253860.3028249693
1460,243396.11380774324
1471,221723.50928472518
1509,125108.46126396484
1922,136829.99629991615
433,504421.0128174284
460,255816.61060715147
1116,243769.6709052055
1137,162148.52616261956
53,163929.84351324165
2354,269364.19775438786
1475,195624.22433014383
1761,460952.1877200636
842,143505.5526523068
2739,159454.9330080078
2509,150120.8108855469
1007,205437.64030324813
2610,192280.1047422765
1952,82670.91935171762
2719,158000.99945326147
2921,83536.78919125281
1966,152031.5349467357
292,104813.57564101882
1204,185943.874704076
1829,263217.4900942879
2419,190752.783182352
391,151685.2361780527
798,112068.42993197267
481,203576.9722886165
193,188780.32798110537
555,124876.20427774113
899,63924.82577715174
2357,186168.37439862665
328,123827.73224033536
1356,122255.43359901482
1154,106973.14395492575
1730,176749.71922737148
2249,159620.46724780617
1119,283811.3913099704
2856,142736.74644391448
1394,137227.704018628
2587,130021.59583665073
61,327770.94914968876
2661,165695.92264461037
2711,135103.22039721734
1147,177925.57617862118
757,122116.07936491663
2623,108776.11020366785
2378,137855.12279357895
1413,143789.08058096244
1722,226618.21863769
1112,222798.4238677265
1623,202682.6816622029
1201,198124.7825543846
1513,112256.69969169889
957,287003.05807271803
1171,248377.93554282465
1145,196501.76237182817
2726,231034.3947702602
703,143328.9989961021
760,91033.98788271933
1964,155905.02782273537
2512,184828.22503658946
159,133430.74057998686
1281,165207.91729410004
468,187076.91038528504
290,129031.9080246637
665,99847.73168095009
1463,237248.6371865257
1792,231321.49758909649
923,162544.4586607501
500,253894.561969128
1408,181114.00008121275
331,81962.04986072099
170,109559.2531307972
2192,93206.29833985718
2571,220524.14573519412
2314,184328.40959489605
2647,91398.14951564552
422,427996.090420105
2457,352011.2266436673
1838,209469.39199954493
2805,257639.59453648186
1645,164115.34193600906
1711,290308.2076341008
2825,237082.264611327
322,319473.0800862164
2103,244918.14461322423
342,115672.32145196537
600,127295.40304066218
488,177411.26949155424
1725,301215.3970664011
2246,294001.43850923254
2847,159070.05093615732
806,230985.7159313292
530,231275.91948514158
963,184615.49254911143
2678,97992.48688829788
171,92425.83363719578
2401,433218.30825207755
805,221757.3179939782
2259,242450.18636908382
1748,197441.3460325616
1361,136268.2774109615
1677,113306.98126130643
1406,141785.77177389013
2322,231565.4040470771
688,148194.5870962389
143,146658.6384336905
804,212800.08325842881
1214,176518.49025250846
2828,148115.891326217
1999,179697.9686830523
2467,204021.69841624016
2665,154487.61208721148
1538,338532.6906972607
398,118333.55972592677
2822,140151.04289887514
2157,143890.54066080513
1856,190408.95777737963
1269,108283.2700960502
2570,118637.43720725527
2320,232539.9258270992
1517,140680.61426928442
2304,136555.57257139898
1312,104016.0407884244
2012,141435.1225552622
506,261489.84123256954
2865,223552.21351253567
2367,98963.9066104477
554,76420.12757173886
238,130119.66127870193
1954,122521.91432800259
2488,137073.81501327295
2291,78837.45013405447
1969,112151.69259777377
2725,169294.7261160759
1482,146932.40188628685
2763,193095.42289711596
503,254962.8803472497
1584,256142.7550101013
1531,139696.6757773833
2210,166145.69548029194
459,333815.0365793964
556,131075.6964852797
1347,130280.29497958889
1290,75074.99581212837
1388,103536.71283387809
1571,241727.77214521694
2754,195871.12375226774
765,126246.19949342919
2494,132142.28726897674
2870,235419.36740366492
7,224430.58858383735
1114,264785.7986802812
2418,267213.2786112749
291,124695.73687153992
18,328898.49750941026
39,375127.4032957582
1001,258740.50836353988
2442,222039.93118658013
616,123273.63797448338
2680,80370.5580002564
1414,133743.716710586
289,151579.52955960424
40,257747.7124784156
860,123214.34147298112
409,131992.88980331624
673,155207.22495627528
2427,176586.9241659018
2036,213054.77115002443
2564,141972.06257173512
642,135633.1939010258
1008,185541.6512235023
1908,133788.58449030205
2519,187408.7370433913
1369,91904.64000949547
2855,172950.3533959155
712,99782.4513362726
1943,119331.9562982625
1958,124061.64294216594
107,149145.17314950167
2295,191631.3760415991
704,102760.28415775593
676,142182.88686866756
259,180386.6878551653
93,289663.700735534
106,245258.41469283833
2315,183455.00037378457
1050,112815.58496708512
1095,211265.74205203718
2709,146207.18540635804
758,107638.65245754823
1496,156316.6322947453
2370,123547.57262548633
2458,287358.6639076172
2733,132993.6344625813
161,234173.65612210563
726,148967.27455779084
845,208303.8828378224
947,247593.44598257757
2232,111186.89800339154
2563,158944.65057058993
2299,130576.97974672871
211,85726.83738291782
605,151148.1131738093
1478,208402.4924736024
2247,283098.67329064274
2274,195027.71117820835
2869,214044.8972868292
967,208406.65628863452
2656,126382.7908886118
667,169173.8394904489
1042,108903.65104494878
2023,159778.74751415412
2447,374263.5162637166
2055,135541.41732900665
2275,314767.4680204553
2204,174712.99922118057
1563,295941.83493476384
483,218162.15581880935
796,121886.88108785712
1526,167259.08554507172
2042,119500.03856504093
442,350818.1664317307
1693,331902.44591441686
1468,219756.97672750833
1430,210766.64404779184
2605,126681.21636873962
1529,208293.20091085613
335,149133.86232980964
1287,128503.8117025255
31,96773.66705856517
1785,311404.4717469501
82,167404.8156649284
2620,123259.37338460019
252,182937.5715211542
721,68312.79687623295
2165,185753.25702501918
2316,199575.547187178
775,128060.97789464521
1558,78766.71318598969
17,219024.2825397472
1022,210371.70400514675
925,131500.25039602685
438,291958.88083230786
1270,142969.8698377939
1272,131757.8062294229
215,132610.55219715094
266,233211.06963074184
2402,287805.20967538696
1250,131251.1497443677
1984,116369.11396259646
1279,150779.52851170202
377,250422.23375909694
1252,123854.80391810526
2156,247685.43286261248
499,314380.94740663504
1374,127059.14370139876
2898,233588.2282107443
401,118731.1094767419
2721,166485.29953888032
2078,240200.01088971324
2589,134396.61089841815
1946,194864.579366317
1334,131162.51477734256
2781,216215.98687419985
431,392006.0744840326
576,186242.9221372591
1474,208342.07100080547
2254,154013.8994137579
2155,276840.6398943171
885,103886.48898837029
643,146329.6602694257
1944,126920.16715846377
480,196508.49713913357
2845,95898.14531997191
2387,333733.994775427
2407,217163.37592471662
2527,173405.37450049957
2514,153854.09095618717
629,126476.26676166667
80,210144.92949763383
1876,141764.3036718826
1546,119704.97172731484
2518,173892.52436732198
2347,161951.3462127928
783,233669.52541595948
1322,50270.6365043564
194,87891.94839801246
1770,290717.0646377436
2143,138403.0870878607
1229,217480.97049486477
511,281796.5090764656
46,239421.05378044242
1348,148859.43073738302
2465,201859.4193489937
387,237947.18358619604
873,225653.2771690857
1918,130147.65149556867
2764,236843.1405582771
2184,126773.2184050977
934,137695.8643884849
1920,136888.79537980803
2631,150017.5216560596
1768,599063.1300527839
2040,119753.9586752703
1749,219055.9465962471
834,242791.27526442092
1457,220080.14064059473
79,123071.90613624056
2302,132955.71662547285
1817,156432.14749686304
2755,229423.09208904256
359,182135.54347330515
2059,112575.80837943341
2092,235051.26465099482
2516,223704.47447750502
150,129800.43869117767
1656,128344.94477232805
83,91493.41064438896
2411,185658.71580363327
795,75796.86278126489
2312,217665.04690349838
2917,89373.30807052764
1624,185865.10855580747
2215,290117.12080170587
1211,152962.45075092002
1485,154161.46070102547
1024,169815.78662788513
570,191207.5644592939
2874,138162.54154570622
700,116247.24011530128
2756,205229.69018647843
2022,170570.37454107014
583,229028.494847726
2392,378853.3624783197
2424,176298.44822494072
212,106540.18927262882
736,136720.18901055644
1610,163347.93936109013
890,115392.64344280296
467,181514.99934107042
578,203762.19477616204
1747,206368.68499420228
1149,160842.88971923193
2758,248929.9223300589
857,142368.40848035202
2219,281183.2284967676
733,91705.25175253424
2909,113344.55182982497
1798,255173.62173245507
235,117833.11839657195
2366,127018.05643277545
1027,137385.19236141408
1195,142929.2245471251
1303,50172.46122005406
148,185059.1714596714
608,160164.9895013026
2515,206882.26287103049
821,270919.6616682273
2500,265333.36243686563
745,111843.99177611558
741,128845.24008401216
1611,104793.01993182395
2532,129050.71283967665
1081,234520.0672750054
1692,432117.5739883996
2520,165502.55140732
276,114025.8739677472
1992,126917.73607576873
663,54960.16553206245
418,117507.75822124853
1733,205404.41514872084
2359,154471.34233871134
253,179993.05925914846
1518,183516.5689368946
2035,128187.6713999661
2919,79508.39081815474
1540,268242.0468742553
2120,148031.42187648718
1674,165587.6402588672
256,158165.87555459165
2361,112586.14822327493
978,74311.01847141913
2280,146459.85619218324
2095,227721.2949466176
1709,354225.13812227966
2801,249657.5645980693
1246,121761.92190576303
2373,96592.29166033737
1055,314045.2240701689
2017,134528.0924647872
1099,256270.38862157165
1344,90184.92102163196
835,203287.49836576078
1117,213014.95109834574
2043,92231.48588427341
2085,123982.18350034753
410,142909.5468650208
2650,116247.86473775357
2867,183929.81428981214
1668,120393.97374818374
1161,169868.36171311006
2122,176912.9391831839
2539,151885.05954741323
1047,143691.56045285542
1445,132590.2192550777
541,129517.12161021172
569,207666.894893735
1276,114412.58187914919
918,156700.192695129
326,165696.13342980284
1936,134855.9301449083
895,96418.53605747178
257,156778.6937173621
1241,181578.55587158672
1545,119585.88026260714
1189,181956.3679615906
270,141835.26964391177
2066,164779.30079372769
693,117132.69057187883
1259,133757.70392480475
2916,160980.9965590992
2321,303083.716438043
1977,89726.22982258527
1895,148346.06493456697
1240,172181.73512604344
85,152263.8699138086
1823,120322.95321991779
825,292937.6254049242
110,232391.4801280776
697,127510.55805459376
2297,118114.87063262978
1231,142500.69184198725
1355,140424.67308543093
968,319209.20206725516
584,222990.32951791526
1315,130608.92239624285
1606,143742.19119485826
206,81530.07410249051
1685,375412.555205191
2016,138731.84481848977
869,201464.3783676754
2135,125688.63607760904
2346,183136.09169344007
2430,227848.0999858791
2198,74945.03710868243
2652,122626.18770969895
27,116054.37912704643
241,163092.03755563355
906,108301.40109727465
1506,110029.38913436916
2098,359914.6234688989
1435,221586.4023191249
2213,149216.74459410223
1274,142044.0882779531
743,46080.708842994034
1737,203184.61770649988
2797,274079.93115212827
2185,77993.59034039601
58,181169.16321024267
830,199765.9664906978
808,122186.98669420142
680,139537.62844471858
1153,102826.73471301381
1291,126249.5507248719
1818,140581.2702644941
2161,184968.96568051004
1883,124066.14706546524
350,360379.41947436385
2473,144663.177782093
295,183559.11297559438
293,185405.42753080648
859,137141.73924040378
288,65484.47638605824
1578,156976.56345436725
102,181019.52938967608
2831,141759.964827496
1030,159148.79442142072
2551,154218.17296318966
1286,158098.0952599519
958,327548.1501437844
776,133216.68834425166
72,255234.11887809227
2263,259777.19377004835
1866,166284.07591581205
2876,76056.68386383448
2146,234708.26987286878
103,175719.93457976342
1500,137502.49327273367
492,163809.23048707473
167,151605.49902924252
2597,117092.33582939842
2685,108641.2676805037
1035,171422.54126544908
1220,72461.89785296282
2602,163743.23348869168
2159,207255.45580909133
695,138655.7547695257
1109,265353.14353141515
640,170247.81109273032
1652,149376.4342971442
2090,152740.81161570773
1188,192025.480029202
2345,255095.92962746858
1059,424313.1748803143
2751,222654.14167436567
128,208363.59890622448
1523,180274.25495525813
2925,178976.03817250015
2145,276797.8538105979
1121,224652.29908487594
566,237339.05271155282
565,261387.355527384
1331,138986.6510851799
2928,130539.14173559056
156,148376.07019133572
797,139400.78224664656
327,91576.2277079409
2859,142017.25022760243
1453,123028.29489111571
1762,333066.64522307314
1868,216609.93987212476
1760,180568.94826890453
1113,239661.0884556026
1812,196430.8626455658
117,162980.40418610652
1142,209447.9242441084
2342,433873.7280869615
927,154034.8054547179
2478,179871.10178918348
655,82966.3107468687
2064,126359.80794394933
369,295567.77630611043
2239,114162.8577455682
2732,212104.75818386552
1653,165947.51016533602
959,228554.91170379394
2395,370859.8335846784
1412,108150.94579373083
271,245728.26823180815
1484,146804.35830009019
1497,144568.80725666255
552,160846.88994103312
2,118195.51040513098
1855,286918.17947955185
4,254672.1219034171
2292,155380.60516818677
134,143395.2796775588
646,105982.63838009659
42,320423.83723657177
532,233322.84684862255
713,98470.13153492042
2561,137355.83306473415
2360,139929.29461207392
1333,123697.53241194715
1407,235091.06887211502
2892,291210.02944210905
574,213603.2592375001
1227,193728.57203656525
2591,220082.16604130226
1476,212470.54790998728
1125,257080.41909278705
1446,144919.56084754493
408,117585.20115794669
1101,297523.18339575554
2251,193582.8723469357
373,183833.8231671577
2554,141214.00285028623
2382,272364.00770156167
1985,90633.86589820813
519,240772.69317763476
1093,191664.5585561487
864,240322.6200068701
2889,148472.85420329077
2308,181273.01893777217
986,161779.94405488612
1302,154194.17544668488
585,163123.75444993752
2708,154031.3055640594
147,135660.38368532475
1441,227080.55877142242
383,203041.3111871527
285,138539.70152573902
181,111637.9383910461
358,197127.04242531685
780,168576.41483062253
258,195065.56146808487
1865,210422.37849990252
692,121028.08224991568
2902,338264.9683587696
508,256071.46088057244
2638,149465.81691200112
36,141331.6196524346
611,177535.84940975576
2281,150260.66923290727
1678,110028.8985235715
1696,464499.19315530255
1557,76755.47454215889
2180,157336.1400091507
1726,228993.95751315076
951,150536.80325453237
267,212525.94109257645
2706,145799.3652914221
2221,259606.05830533136
1357,175835.8660496163
2901,325590.9716129842
347,190201.51522372605
2164,195994.4800790105
1586,303026.5524551315
360,155894.74143250976
1769,262718.02390901034
2617,167246.0112135846
1879,138588.8722167564
991,249007.0902041765
1535,127933.1542296922
1191,141817.48372291692
1579,216695.2944367296
1882,147717.58933658793
1510,128959.03139136083
2196,129055.13115082537
1845,177894.57860545686
2336,394935.5487082314
942,84575.69993876985
861,131448.48800428823
2555,125154.5373986763
1392,160166.8946423379
2099,244958.0304257315
1543,118958.8843840334
948,292102.2174718633
1239,178628.08072588878
22,189128.84000866592
2796,229583.9020762429
2747,183315.83767192214
92,292177.978530054
210,165363.9632988944
1858,199221.21732261986
2228,162413.43083694146
447,230121.13857340024
827,232012.01829509414
1649,207682.66258391584
682,143874.46606348953
2698,107305.20747879402
494,177465.7254053734
214,86911.771928164
2441,237090.6666732894
2679,114181.39114984206
1336,117565.20992205528
465,180328.5694607688
1524,156526.69018942292
2543,112449.61406827394
631,144823.3507151314
2452,318122.21395311353
228,159824.42074024375
126,176191.54277624597
1092,250977.86487797913
1122,223128.0270028169
932,208286.69256211526
1980,84756.8315142463
2171,110470.36312933563
551,167627.31775958234
2768,171397.28436181988
2056,109862.0484019647
1159,353043.2878014895
2645,124152.36296584488
1174,176511.88262043093
2266,215856.5846743638
2462,374023.587724056
1219,152897.08349107107
2922,183129.15264179182
118,141302.79193227022
474,165112.73015406766
2576,149910.92267843982
872,299236.5037499594
1077,221895.3238497559
1536,140146.59579299382
1150,113608.95983980567
2341,358831.2682614604
1931,161206.21157862386
2785,137640.4465532193
2538,131133.49420419018
597,210686.51460674382
464,194193.9018361934
233,231782.1439981709
2169,130816.71792792158
2123,180087.8123158349
1867,174793.83670320627
137,240338.90354804468
515,249336.81968810444
933,110708.2641066906
2784,173570.80676222534
972,168826.2034151602
599,172522.40753750986
2614,129740.94014369755
2582,140770.77789043452
1409,168619.53733623275
175,99145.81110492183
352,237260.48496680165
976,88382.04535876848
2134,194027.31387090543
984,119367.77631838471
2396,393805.9162768094
1673,137455.9264346143
404,119327.48825228852
607,166922.54822078845
814,139262.2305306421
868,188361.10382036163
2271,193460.13304605254
1633,235623.62437652142
337,78689.75902345273
2765,184931.5697463343
1746,222590.48167074527
368,328422.66213665257
2806,207401.67665587756
1662,197425.4463256055
1234,214196.17885052974
1373,129888.79666928519
1672,114729.40836322887
1939,123979.40541015456
