Id,SalePrice
2658,179062.64619273646
2718,161779.63246113755
2414,222045.71831299312
1989,103236.07725305192
625,152654.60162725684
333,116400.53859467732
1327,109317.99810157206
858,155279.1639635433
95,232021.04971237504
1568,165556.46085470964
2482,163915.89459485302
1364,128912.29426797698
2584,146051.9079645498
818,288346.05392118305
2673,171255.67155251466
2089,137705.16415754956
1297,150620.41754428006
790,114995.85995378235
2616,181268.30988286674
720,208756.7804561156
222,143407.31510687093
557,111361.36179847439
1148,191271.42781673302
2766,131341.9836083405
534,214005.99090654348
1452,124175.28600662597
630,107542.28664391953
2648,127119.9183925103
125,148808.4326681132
1904,64574.13800493684
1670,101944.3617001744
756,96299.5851994838
717,206856.2495808576
1032,138397.5951260638
852,214765.53328084643
1731,219245.00871230836
2639,118988.80465630557
2071,105003.68299910115
1267,117424.42439040919
1851,202441.56136509113
567,184092.7245918073
2439,236478.50576578983
1898,138156.99287531595
647,143724.38782848747
2256,210513.64178075836
979,128430.0396419202
1444,234564.95180035965
2485,113042.92190328936
157,120633.1316140657
88,116545.6176720425
2003,113354.77172347408
186,240846.7253914136
1425,256466.61289160655
2695,129284.97346015369
738,106249.81090546647
395,159328.21650449594
1353,180505.04854005706
1878,130349.23928196289
390,166252.78692901746
1456,238074.69467390003
1103,269156.6402429814
1387,98341.52393765656
2070,129274.57854053786
1199,204832.9363764838
2479,189350.33711430404
501,266488.8062677747
2362,89769.37525397066
1718,184876.4177421732
2188,70965.006125467
1483,147445.34923343765
2557,74515.05577677288
437,317094.235147216
2224,149807.87658026727
1628,201004.09980002185
397,136862.435898138
587,172889.4169297022
2182,501844.5266608687
971,141972.57627299608
2611,141207.557455348
1887,118374.77349945004
2399,289657.53998061497
2148,213742.17529204473
304,116847.2980349912
1997,133429.99575067614
2817,107603.56315102059
1431,200061.09534527187
427,288995.27575241734
263,117979.29800597177
598,153934.78948881768
2895,240276.35940881484
687,167463.4640987567
1822,128024.11014648493
2191,110353.46831088838
179,147720.81122264356
1009,199834.09931210417
2010,132941.4141046057
1991,154657.9575641096
1411,145713.91483507678
1721,250065.51411461376
1144,204382.632251288
593,265441.68868223345
575,275587.36261337314
1249,168825.7540213463
1604,121369.11802319397
1064,367040.74098231096
1923,149155.85003840836
1988,123980.93981064267
2325,184314.09335858247
114,190634.9296400329
2700,180033.52205043024
217,122426.81265174394
343,162847.42318694553
386,263661.12463275343
2005,126353.88507655365
2908,154830.83458028044
1814,210974.26128846023
2446,417456.22383734444
208,159221.4714584337
1679,135221.4594663433
822,292361.93578823627
6,208147.6710996416
1781,338276.50126079476
2397,280412.54385698505
2340,286260.84792514035
1618,198142.07234529586
2843,127413.98411435215
1061,331229.47892502433
2786,124175.28600662597
1935,123917.69932180709
1341,122379.27771053511
521,274508.50618640735
2136,122970.35037820482
996,198309.5573610305
227,141064.94188664775
135,165004.95285300538
1167,194079.97205652163
294,205092.47666931842
1776,226796.54873591618
540,189164.50543892456
1717,184876.4177421732
2303,127438.2545858262
116,177845.10140130876
127,119656.62988785845
1371,146443.84285259063
1014,122471.46784830735
1507,136380.56268291993
702,154071.53713102578
750,155243.6469036719
261,182909.04515799665
1559,84401.16284215452
577,206888.144801873
2812,234700.41912889975
2080,168769.48617646814
1368,136759.12373985525
2376,109941.23184228786
659,104464.38894458627
1235,130611.38381635842
332,101634.11898819842
1917,136419.62865263916
2094,240648.72811246774
1460,290275.384496197
1471,188240.93356958084
1509,124646.78179983373
1922,127473.7600085177
433,390380.8516005102
460,269741.88369344804
1116,252414.75738050707
1137,168621.624210779
53,194338.46857302554
2354,272684.0627315138
1475,215455.8396395105
1761,461166.01615474495
842,133348.06469265674
2739,143063.80847788078
2509,199568.63774820764
1007,231495.95178471543
2610,190543.11467157013
1952,85313.11777294282
2719,161041.48783744697
2921,108430.11215873536
1966,126201.12551328535
292,107442.02776677815
1204,207044.06953464745
1829,249324.37501716893
2419,221752.9037763857
391,157946.68829991907
798,132066.54150487343
481,217277.0266779826
193,201694.2440864564
555,112458.31511489941
899,69933.42253437701
2357,197404.5345309896
328,123391.80379878709
1356,112779.11025377735
1154,105644.93916714801
1730,197374.10757438932
2249,139816.73547331613
1119,275564.5741678952
2856,126835.30858723831
1394,151373.17587196274
2587,134022.93035161248
61,297393.7609640275
2661,186331.42226339408
2711,140378.82718017223
1147,196639.74431240128
757,147576.13207986776
2623,96913.68530049433
2378,165710.82246079322
1413,172167.09227001056
1722,235081.08807903217
1112,227728.919974265
1623,204043.0728179409
1201,197540.27806953533
1513,111903.54832327193
957,207237.24420467886
1171,263288.83510685107
1145,219343.204169597
2726,210424.39531689874
703,188664.34329245667
760,86625.91643845191
1964,129078.35243004427
2512,209289.34455912575
159,143518.97715786533
1281,173381.77998983618
468,202325.76601325357
290,114744.98396249524
665,101052.11527305246
1463,293708.45043162827
1792,254337.6705424014
923,119900.32704474243
500,259433.517265196
1408,145899.43984814873
331,86633.6872640375
170,112400.58143212572
2192,83974.03516717032
2571,225289.26954290195
2314,186307.67053363426
2647,102402.91134672976
422,363607.1477252665
2457,287046.5499951011
1838,211196.98133959682
2805,276914.42810979876
1645,162023.34395373272
1711,300604.3410790279
2825,269028.8434340184
322,315499.79195314605
2103,259226.2056038541
342,116895.39144754276
600,105137.64428155165
488,210303.96503847608
1725,302235.913133232
2246,255563.56354745248
2847,149588.21179644915
806,265336.830182176
530,256492.68725078186
963,173743.69758096218
2678,82839.29830039926
171,101145.46922991141
2401,356383.9896813942
805,229220.51740222648
2259,226135.05156113868
1748,210140.62539255718
1361,162748.73578632495
1677,149153.00712704269
1406,129317.68509739859
2322,257044.17706344448
688,174611.5948788794
143,136327.59274961663
804,222947.6430416514
1214,150839.8035180219
2828,167527.60504844182
1999,174324.33798574455
2467,227807.17602485543
2665,185405.79203810229
1538,327421.4138934414
398,101833.94670703448
2822,119784.61858563706
2157,146477.46451345691
1856,165985.37527391184
1269,110895.90619483586
2570,117093.8242267352
2320,266875.1223780444
1517,163425.04399088785
2304,129885.8903089491
1312,105930.38041859512
2012,138936.91907467207
506,242509.8949024633
2865,209301.86162383118
2367,133790.6474942951
554,86811.57045268714
238,126391.42777869051
1954,119818.56000972816
2488,188348.02082007573
2291,97723.88695044987
1969,115464.37651882056
2725,142134.68420920667
1482,147445.34923343765
2763,227732.14892024006
503,242497.73623817787
1584,236313.96779073076
1531,124732.15920712412
2210,179637.35491586258
459,305371.88472192164
556,128293.23573333822
1347,137773.8473852058
1290,78766.81034263606
1388,98504.86429920814
1571,164742.38967799235
2754,206635.39469908903
765,132016.66196646565
2494,123973.88186865291
2870,186539.02711230554
7,225057.9236620266
1114,227948.96314767172
2418,302430.9794320372
291,177960.4154795798
18,253207.5173912294
39,311697.1321012982
1001,245748.1766333012
2442,261239.6239052243
616,111783.98478146394
2680,89292.10550464346
1414,130787.52360419663
289,138311.0997132278
40,254265.3244859223
860,112176.74200217731
409,142011.4953807922
673,143997.89932015492
2427,192806.55897951932
2036,238474.9801114905
2564,151851.7074823728
642,144547.41543900967
1008,194340.17826401436
1908,150204.2550377773
2519,192109.1739518269
1369,98754.20680072342
2855,177125.41097075265
712,104158.23860474603
1943,113219.5828377403
1958,126127.65304084419
107,152594.67123058
2295,168805.08108009456
704,115710.38668008514
676,137452.05607172757
259,200923.4960659178
93,273169.30214958155
106,261892.80801335062
2315,203906.2740680686
1050,108918.90066122306
1095,218745.22939331585
2709,127630.99139866556
758,162293.9063055831
1496,182405.36552151234
2370,166907.22290670723
2458,258221.04319254382
2733,112946.24674741116
161,280887.3023305665
726,150503.9427406327
845,207782.68077393758
947,275387.2736359903
2232,136753.26779449717
2563,167854.3438052479
2299,111490.8464096878
211,94498.07957396912
605,150196.66003884294
1478,224696.8624694281
2247,255563.56354745248
2274,135379.57365453336
2869,167338.02655912237
967,251737.0376964065
2656,108509.22012531418
667,211076.83506090636
1042,141443.96342203143
2023,159372.2796503872
2447,352982.9973959261
2055,124292.2151548315
2275,266795.79319101403
2204,175286.35322848425
1563,253876.84146886025
483,209605.11192585222
796,129787.1089072102
1526,160256.53509032697
2042,156355.70896936316
442,299431.9592797444
1693,316812.2536091572
1468,232265.55031081618
1430,178328.7778835612
2605,137434.85743398865
1529,214683.0609109445
335,140070.97348416163
1287,139955.72103429283
31,124032.87559129189
1785,239725.42325071545
82,185955.22638162348
2620,125693.00695300131
252,205217.7493988149
721,65159.598933505935
2165,188101.34453131567
2316,189368.7501561018
775,115512.22432897368
1558,68366.52432076957
17,266769.4853062972
1022,207223.07335375293
925,121873.98228439907
438,262477.97827663453
1270,139378.85334470044
1272,115270.23174825367
215,140681.45962371383
266,254623.84718887467
2402,274107.33525535563
1250,119312.67589991729
1984,109054.33346026305
1279,148931.13517872698
377,283531.16170407296
1252,130808.2961005337
2156,269699.1189778961
499,305014.2030078737
1374,121732.78584060371
2898,259232.15523850007
401,102325.37371848826
2721,141487.7532128469
2078,217198.65427802128
2589,120729.93393293206
1946,170383.8260056945
1334,150802.32393158466
2781,218216.936712486
431,347098.25504541124
576,192383.2715517692
1474,232547.4959858101
2254,154278.24064372465
2155,277255.8758534466
885,100695.33987801382
643,143923.24306070825
1944,114461.586354651
480,226128.81016096455
2845,107187.60517429521
2387,304528.9079587897
2407,211048.40147154394
2527,167007.6017383196
2514,185015.71295053457
629,136913.63705763334
80,247720.7264275762
1876,128627.42317773715
1546,146477.69585254462
2518,160818.3332744314
2347,155790.8549150211
783,169604.91762211753
1322,48484.323683150214
194,85122.82724186139
1770,262262.21767627867
2143,110159.79824000328
1229,208036.01417653597
511,263074.56811223715
46,215946.1697217114
1348,170963.9796026751
2465,224699.17417636205
387,262566.53464842145
873,204272.27798557628
1918,118299.69383025983
2764,254222.7544532557
2184,123782.54166677876
934,164716.18633285922
1920,122227.82355855043
2631,152064.5405775689
1768,474331.0186195496
2040,105381.66896567609
1749,249981.53445009977
834,220698.23440555905
1457,257167.71584886324
79,122691.69558937232
2302,126756.3186990933
1817,132923.50914906905
2755,228987.34429565186
359,186317.3758940303
2059,110256.92385423444
2092,245498.58512818743
2516,243316.31956510866
150,126969.70735680839
1656,150441.30871119353
83,98517.97921895486
2411,185872.72543877698
795,77881.90253585312
2312,255155.00528455668
2917,103855.98369690454
1624,212483.07369744763
2215,268792.86335106427
1211,147286.77485894292
1485,147445.34923343765
1024,150907.52499536294
570,185235.66081539117
2874,144228.94241286194
700,133917.49879159356
2756,222191.9517765487
2022,197724.85584142673
583,230665.38807421882
2392,330763.064787407
2424,213154.48710635016
212,107719.22205331834
736,138470.28220017656
1610,155738.722624657
890,113181.63108578605
467,197374.10757438932
578,265749.1078448212
1747,189593.40251515462
1149,164578.57741422672
2758,221218.73489191112
857,135305.61519437568
2219,276453.198190366
733,113169.47857896339
2909,148706.14532469073
1798,279662.7286506665
235,94661.59897774759
2366,149253.44997943324
1027,143308.5331976466
1195,124597.22445697286
1303,41018.62084137731
148,159903.32335689358
608,131053.98387793357
2515,223081.9787019116
821,259323.94973161852
2500,282534.6116377031
745,105375.50852791626
741,136821.0866802708
1611,95692.13842303213
2532,115010.99107708616
1081,214810.95385954273
1692,356493.89411392866
2520,175751.78409776097
276,149758.55230655987
1992,144831.59777916028
663,50213.63196307329
418,147675.51930700277
1733,215275.76625501274
2359,151254.96368569465
253,206287.5345909689
1518,184546.99485114124
2035,145854.8613938413
2919,108430.11215873536
1540,250452.6769670048
2120,135576.21047255065
1674,182586.46901371473
256,154130.36761270885
2361,95722.81719989906
978,75424.04920991062
2280,147528.1381425621
2095,243782.29251897277
1709,308066.3386879718
2801,263716.3564786392
1246,108471.19568311545
2373,133147.08385318963
1055,253904.45544532294
2017,120666.14306143779
1099,279559.0504234227
1344,100771.65827404906
835,170738.52538571446
1117,219902.04938873672
2043,103720.20655779233
2085,137137.2622756704
410,170892.90032039775
2650,139542.45327735078
2867,173065.51766565331
1668,115286.06239378251
1161,203094.28309013756
2122,166611.3456057912
2539,140253.00314957826
1047,151055.02011812115
1445,124126.8119673931
541,150981.0053946854
569,216925.3126642823
1276,119503.22997258921
918,162525.95075094112
326,160908.33962924968
1936,126825.09380433387
895,91725.01706471677
257,133189.47482097894
1241,168503.1263233998
1545,128185.12198867108
1189,168872.15658851014
270,147445.34923343765
2066,151385.92925198693
693,113057.75630953735
1259,119034.45274847731
2916,137636.29883259392
2321,266674.6049360864
1977,99604.60799358101
1895,152198.30069621865
1240,150810.29480094998
85,137459.3491844156
1823,105470.98359798928
825,273009.4583189766
110,216118.31959305666
697,130816.38626968347
2297,118327.96572910952
1231,129062.2406850588
1355,129040.79368199092
968,297904.51788922865
584,230512.10194431597
1315,148393.35841288647
1606,134065.6512080224
206,102461.62349565205
1685,296195.0680483757
2016,136812.94527898837
869,239859.2126818125
2135,113282.77398354841
2346,172324.64461204674
2430,222338.06968482854
2198,87706.66758632107
2652,121755.06744103521
27,96789.05891988431
241,183179.68555466243
906,110002.51793521547
1506,120003.42301483793
2098,332458.1225297632
1435,204343.9226000558
2213,120852.91095644704
1274,148460.13467781586
743,50701.17106130539
1737,211658.8087287272
2797,283817.58604898234
2185,91274.24097815275
58,208995.49305564968
830,202967.34272272274
808,153683.68903414474
680,141467.77697322244
1153,109798.75677126231
1291,149092.55706505565
1818,174513.31192359084
2161,222036.47578206516
1883,116480.78250102219
350,311210.414213522
2473,172168.36727456795
295,170992.2318968161
293,194974.63976771344
859,117120.43236312842
288,58563.39245563033
1578,171492.47018813572
102,192953.95021095753
2831,210267.59802193166
1030,165020.98194461793
2551,142445.78746323
1286,140236.27766890862
958,282203.8156068664
776,122936.82220596634
72,196312.75225058116
2263,253043.31007396098
1866,146260.12043028313
2876,72701.39702984765
2146,286247.2334528321
103,206698.50367088232
1500,167527.60504844182
492,201741.16390133149
167,130307.31119283818
2597,112492.70606609996
2685,107361.99234585419
1035,161546.5447823484
1220,72740.72493396992
2602,164995.18641684865
2159,246495.89980144132
695,151386.05655803677
1109,244783.3201950142
640,151332.29706831535
1652,149084.41353300845
2090,193027.53906203597
1188,174468.55037050185
2345,258206.2408060068
1059,359851.7675786617
2751,246383.65038756473
128,193626.6350905502
1523,178642.40761632237
2925,141031.95003056913
2145,278860.35046672204
1121,236799.61711836566
566,306129.909264535
565,259186.95216958207
1331,136551.60865472571
2928,130370.4351364295
156,129347.90474385102
797,133722.65356278696
327,110016.35872697124
2859,138630.09690916704
1453,117621.16294939013
1762,299881.992014274
1868,213796.68249156154
1760,199888.72122840627
1113,251629.18608393165
1812,202771.0289086231
117,182522.6248489443
1142,196008.5356780163
2342,308155.3016850684
927,123536.31676463332
2478,208558.4894220282
655,74696.52466104602
2064,124231.36812863966
369,223056.39695962827
2239,111148.5775260343
2732,194262.03761076828
1653,164545.03391818184
959,240597.09693393495
2395,303440.12485324807
1412,111803.45063120621
271,253905.79449775437
1484,147445.34923343765
1497,134871.94743228747
552,216641.68872617936
2,113533.1755211074
1855,253017.11470263926
4,213662.8781922048
2292,141044.33540720632
134,132238.63930298737
646,97087.45011245782
42,284972.70467202255
532,221830.22262460293
713,104526.32467548634
2561,120339.34494886783
2360,123101.09671586288
1333,130343.35945745808
1407,196678.9932711737
2892,258058.60624122233
574,252769.98473419453
1227,171247.65695290486
2591,189145.50541126297
1476,214790.7305491248
1125,276580.35952892125
1446,144150.27198031417
408,153599.2984262362
1101,284552.79971003375
2251,166934.25572575605
373,182740.20054747892
2554,123281.95620214038
2382,251768.0276650716
1985,93073.76755609723
519,234918.30720311924
1093,209845.1843446403
864,288975.675207041
2889,137681.26349230236
2308,150469.30894449854
986,156206.0660596741
1302,139754.65921685268
585,168847.1558273814
2708,158358.83321090805
147,123765.80149359095
1441,216261.3258442588
383,187646.21227904267
285,147139.94668976899
181,116845.9052074532
358,216142.43322890083
780,160863.0461183804
258,222952.98071608544
1865,219075.73585831677
692,148724.25514217376
2902,282506.95783418784
508,264359.2120935163
2638,148618.9424047635
36,167367.05883487617
611,165755.1765635469
2281,102314.80785553667
1678,149153.00712704269
1696,349950.8252626736
1557,96780.71020563784
2180,171215.65214177454
1726,231150.74955129126
951,140221.05174799604
267,247477.95559985714
2706,118744.48389348455
2221,192168.849844592
1357,181611.00913445972
2901,277940.51260712947
347,217475.96134556123
2164,196846.18304254577
1586,293821.4925586282
360,163948.39244915592
1769,241165.34155658053
2617,172089.65768807696
1879,142657.03270081282
991,217592.43795086886
1535,114697.65780823067
1191,157126.45857995882
1579,233406.97698506629
1882,147820.60024320733
1510,125459.76771975729
2196,170572.33550546697
1845,192953.95021095753
2336,360400.71245554835
942,107423.96617210629
861,123421.18163637145
2555,117627.82545923677
1392,130145.65656343421
2099,259226.2056038541
1543,150617.3081958955
948,259698.82290669638
1239,152595.16380842085
22,174096.43567727198
2796,227353.76702070993
2747,163796.5629777027
92,281876.94167836505
210,146436.93341717578
1858,206574.2950061747
2228,181942.53662911328
447,226970.8666917048
827,229782.557634682
1649,215472.60102939888
682,138220.1696869687
2698,119929.56288439358
494,220238.3567772591
214,86432.65629923531
2441,274667.8954622809
2679,112952.1794283833
1336,108685.35828729914
465,217669.43909513418
1524,137796.53516139332
2543,103381.29961360808
631,133962.31716745638
2452,291615.9164676578
228,163257.29981779016
126,159953.8854488365
1092,225893.7442501856
1122,214154.52885713687
932,172114.6243207082
1980,91404.70682432814
2171,98936.89663043045
551,192165.89307605338
2768,155738.83886744484
2056,109048.72741366249
1159,335190.048455443
2645,122969.37118431857
1174,205826.28633202214
2266,215657.5521223133
2462,353237.92494865303
1219,134589.959763236
2922,180533.64776500448
118,129023.44852529497
474,193061.89629775484
2576,150109.08100584586
872,263752.0324390879
1077,232698.17623484888
1536,128128.4134033652
1150,113197.30188206898
2341,268652.97959089436
1931,148384.17972327748
2785,122796.15890819859
2538,118775.94923679736
597,217134.60474581266
464,226889.8810477673
233,203445.29481765663
2169,112252.47323009891
2123,186910.95053561588
1867,150338.68989604077
137,220339.1108583607
515,251378.40279358486
933,150617.3081958955
2784,166583.95937372092
972,169961.61778760195
599,152402.2032886833
2614,124443.8220294824
2582,119519.09919563525
1409,161242.01049890288
175,100034.6961435158
352,232077.02866874478
976,96456.75057365143
2134,229739.90616161958
984,115589.60530178118
2396,300226.25685270136
1673,150259.78522972492
404,147147.5128164759
607,138573.08293308405
814,137205.311319887
868,232071.56082961115
2271,186985.03258417538
1633,229756.60137804833
337,163111.03815811558
2765,145340.66918289158
1746,221620.1505697989
368,289264.68907641387
2806,209999.99434612793
1662,197592.01084166064
1234,207310.6112021176
1373,129053.72576922043
1672,102325.37371848826
1939,105884.77087013866
