Id,SalePrice
2658,179063.54306300107
2718,161783.82409873226
2414,222045.7283743521
1989,103234.27055357375
625,152653.40844093793
333,116403.12337712775
1327,109319.86043738495
858,155281.88123525179
95,232022.06336210182
1568,165556.07679878708
2482,163915.46745814703
1364,128908.99919693521
2584,146050.20889667206
818,288353.29467335786
2673,171255.97115659498
2089,137706.35821272404
1297,150618.96852044854
790,114995.06851472854
2616,181269.60144971078
720,208750.54639548712
222,143408.6176725359
557,111360.05265880983
1148,191273.7046580822
2766,131339.01537798744
534,214004.91419133428
1452,124174.86534539597
630,107544.45846550622
2648,127120.36935711076
125,148806.4609980773
1904,64574.37105448924
1670,101945.3596085574
756,96300.35398096571
717,206855.3445013988
1032,138398.74887571606
852,214764.93882953638
1731,219244.75361798
2639,118991.95372847222
2071,105004.97759882564
1267,117423.51016830526
1851,202439.88597567604
567,184094.03923811708
2439,236480.06552193986
1898,138158.22067039058
647,143726.04272956704
2256,210512.53901040953
979,128434.08364936807
1444,234566.26951878704
2485,113041.90876804972
157,120632.48695414957
88,116544.92538266028
2003,113353.95589627625
186,240842.82719850147
1425,256464.138066747
2695,129285.42528131505
738,106248.40849360915
395,159326.87738872334
1353,180501.94875479426
1878,130349.88608301281
390,166248.503081197
1456,238076.38378001424
1103,269155.4588870411
1387,98339.66792532711
2070,129274.9192882273
1199,204831.5136161139
2479,189352.42311468383
501,266487.4537455777
2362,89769.46132148983
1718,184877.8686955188
2188,70965.82146937666
1483,147443.33532978
2557,74513.82313418835
437,317097.5782862628
2224,149806.6971510541
1628,201002.40687367175
397,136863.24589484656
587,172890.08265242242
2182,501850.59900078276
971,141974.64217102827
2611,141205.40385780804
1887,118373.91018592325
2399,289651.83599616674
2148,213741.4710296081
304,116843.56408875821
1997,133430.70378958835
2817,107605.43018591768
1431,200064.269825809
427,288995.7603292787
263,117978.4964031612
598,153933.64631747664
2895,240272.59116080176
687,167463.2521524503
1822,128024.11539077574
2191,110355.47959190296
179,147718.90974854704
1009,199827.60907998402
2010,132942.02927372334
1991,154656.9340371041
1411,145715.96250947562
1721,250062.5130523298
1144,204386.22882412895
593,265439.72780376597
575,275585.6062090354
1249,168826.10413485597
1604,121368.72485090802
1064,367034.33427715366
1923,149154.16797964022
1988,123980.31259621106
2325,184315.64223354307
114,190637.31360256986
2700,180034.93311769253
217,122430.74076577484
343,162847.063076006
386,263659.4114480819
2005,126357.6128360767
2908,154833.6664546413
1814,210973.36293018202
2446,417454.3162999373
208,159224.66953856137
1679,135222.519152527
822,292356.35552680213
6,208151.42431863546
1781,338267.8298188864
2397,280412.2509202451
2340,286254.86390216835
1618,198144.74053224057
2843,127418.39494569832
1061,331227.2032330964
2786,124174.86534539597
1935,123917.37191789281
1341,122378.96185704164
521,274501.6133106713
2136,122970.16428515901
996,198312.52632071025
227,141066.6261184392
135,165004.14403059802
1167,194082.47004124435
294,205091.35308504375
1776,226796.66303670697
540,189161.6398452502
1717,184877.8686955188
2303,127438.0569299213
116,177845.6918887402
127,119656.10753964334
1371,146441.98623392664
1014,122468.60789971292
1507,136381.2866230651
702,154074.7720012813
750,155242.73440707443
261,182910.08963437294
1559,84400.65846672702
577,206887.09975799205
2812,234701.7000630983
2080,168769.59851275562
1368,136756.43252926116
2376,109939.94168515463
659,104462.36868173364
1235,130611.68107880543
332,101635.41681451854
1917,136416.71686699512
2094,240650.8245092898
1460,290276.1393769005
1471,188242.83984088796
1509,124646.74458170921
1922,127473.76111972616
433,390376.2427882406
460,269734.6318675955
1116,252411.93602788274
1137,168621.4993145288
53,194336.00005536503
2354,272689.38841381506
1475,215455.26268271857
1761,461168.2504818953
842,133348.7398504178
2739,143065.74963803892
2509,199566.6265229838
1007,231497.07344316048
2610,190545.08813210134
1952,85310.05356823724
2719,161045.59159389525
2921,108431.97921636784
1966,126201.3521565789
292,107441.26332947494
1204,207043.18446273592
1829,249326.90929996196
2419,221752.88596876877
391,157945.87834198988
798,132063.80690677458
481,217276.63503026922
193,201692.6609648318
555,112457.26835465932
899,69934.42466929875
2357,197402.7067208874
328,123391.48733649873
1356,112774.7833153707
1154,105643.31620788712
1730,197376.87556512846
2249,139814.1365293509
1119,275563.8078683332
2856,126835.71214484167
1394,151375.83162973865
2587,134023.5573303029
61,297395.27917305916
2661,186328.87639758864
2711,140376.17159235498
1147,196642.59805978468
757,147574.33271299966
2623,96914.42290624109
2378,165710.71292936648
1413,172166.9800953464
1722,235076.8685541486
1112,227735.13280445247
1623,204046.6602972422
1201,197543.1586784135
1513,111905.68954956158
957,207236.40774755657
1171,263281.3071075165
1145,219343.1715576319
2726,210423.5184749652
703,188661.22964177936
760,86625.60548655405
1964,129078.4772069914
2512,209288.27857524672
159,143516.87385833106
1281,173382.5288708656
468,202329.07524190785
290,114740.86237827524
665,101049.99624274051
1463,293709.5217144498
1792,254340.95345793333
923,119900.15264987812
500,259437.53240379525
1408,145901.3923820754
331,86633.19045783776
170,112403.19710927586
2192,83973.51009140354
2571,225285.6188370608
2314,186309.40083185022
2647,102400.87850215823
422,363607.8312222364
2457,287046.9098924123
1838,211195.98207520464
2805,276913.8075118762
1645,162022.81369676543
1711,300606.0781001526
2825,269033.79573305615
322,315496.08396469057
2103,259223.9700573976
342,116891.50135329098
600,105138.88181513631
488,210308.24431749855
1725,302231.134898143
2246,255561.02992846456
2847,149586.90215401445
806,265335.3563074265
530,256496.2577868644
963,173744.2411103091
2678,82841.58775242094
171,101146.48266259064
2401,356384.03066688107
805,229221.42819248498
2259,226140.76177733424
1748,210139.5615457846
1361,162748.29522046616
1677,149151.43230898073
1406,129314.66888772635
2322,257047.7513183416
688,174612.4576070251
143,136328.6451842927
804,222947.9411942683
1214,150838.44426022784
2828,167527.35213629174
1999,174325.2623883416
2467,227807.7413233245
2665,185402.84890868305
1538,327425.29049113893
398,101834.93867172537
2822,119784.37859777045
2157,146475.3819886404
1856,165989.3077077493
1269,110894.7873805232
2570,117093.23156163453
2320,266873.6028496505
1517,163424.3673727046
2304,129886.24987005128
1312,105928.70231386252
2012,138934.49834273008
506,242511.77999735525
2865,209305.84765847397
2367,133787.83416990458
554,86806.53253757066
238,126391.50169499358
1954,119817.81352743572
2488,188349.8897992216
2291,97724.91108780632
1969,115463.41981370516
2725,142136.34833530104
1482,147443.33532978
2763,227732.72374469557
503,242499.9613826085
1584,236309.89711959747
1531,124729.3744443302
2210,179638.59966726418
459,305367.33784557786
556,128293.35377296216
1347,137775.4429435831
1290,78763.56513917826
1388,98503.04024546123
1571,164746.53039978497
2754,206633.9856550259
765,132017.3378531203
2494,123973.67218728048
2870,186545.7306423775
7,225053.0181393108
1114,227949.54227385507
2418,302432.8791524748
291,177971.37960991813
18,253200.36424628235
39,311693.0824500255
1001,245744.97226574464
2442,261243.7845902529
616,111783.12532199596
2680,89292.10258531524
1414,130787.90129852285
289,138312.5356753718
40,254262.62241531856
860,112175.6121664136
409,142009.0852220865
673,143999.54440620012
2427,192803.97767486682
2036,238476.03079420567
2564,151854.47748933127
642,144549.77694002495
1008,194342.80861864227
1908,150207.07641957715
2519,192102.28739607419
1369,98751.79721063001
2855,177122.07433341086
712,104156.198207738
1943,113221.97712363569
1958,126124.43339351767
107,152585.73801674767
2295,168809.6002736222
704,115709.85536522885
676,137453.0708840496
259,200926.75169603876
93,273168.59653183847
106,261890.93769723724
2315,203909.88831365155
1050,108917.53043608644
1095,218744.95959330082
2709,127631.11572604954
758,162289.80339502948
1496,182406.36961696847
2370,166906.76879816083
2458,258218.7393037929
2733,112948.71386193302
161,280893.40692826075
726,150502.41322142672
845,207781.4789764859
947,275386.6287358825
2232,136754.36187859642
2563,167854.2158937834
2299,111493.48514383692
211,94496.10686712258
605,150199.41400020968
1478,224691.83162589293
2247,255561.02992846456
2274,135380.916655984
2869,167342.3701785941
967,251740.09793113268
2656,108514.3248664989
667,211081.596558162
1042,141441.53960663153
2023,159371.72323203576
2447,352982.8383985151
2055,124288.76062121517
2275,266794.2470250275
2204,175282.38771308374
1563,253874.2003802093
483,209603.95290516262
796,129787.51699052664
1526,160255.84638760134
2042,156351.40619031148
442,299426.93430645246
1693,316815.5902714746
1468,232266.74880485277
1430,178329.72874515184
2605,137436.72967542705
1529,214676.9962553787
335,140072.17445757973
1287,139956.9992795317
31,124032.82403270826
1785,239727.15971031858
82,185956.8151452425
2620,125696.83446567862
252,205216.1680072599
721,65157.93671016162
2165,188103.11433524266
2316,189370.77468974685
775,115511.31822944799
1558,68367.28447627086
17,266767.494550353
1022,207222.08239956654
925,121873.79654253364
438,262476.04744700145
1270,139380.4149784044
1272,115269.4314558191
215,140682.99926498331
266,254626.84245191416
2402,274106.4745530868
1250,119311.9397483768
1984,109056.1016544843
1279,148933.54095477355
377,283537.3791199539
1252,130809.43093455707
2156,269698.04102092155
499,305016.49127562204
1374,121732.65317402338
2898,259236.2486251044
401,102326.41142247348
2721,141489.78648143422
2078,217203.65647971584
2589,120729.48280735184
1946,170389.3898674831
1334,150800.44231675484
2781,218216.6643794074
431,347090.17252331565
576,192376.39083854502
1474,232548.57876151192
2254,154272.9086312873
2155,277249.2817342275
885,100696.47502037804
643,143920.93469561008
1944,114460.43512181476
480,226129.24566049312
2845,107189.26550330757
2387,304530.9984307834
2407,211047.40441198833
2527,167007.43423961423
2514,185012.52849659038
629,136911.55478088793
80,247722.81681215853
1876,128627.84186841526
1546,146475.47344649662
2518,160817.5144592387
2347,155789.56142862508
783,169609.13255791698
1322,48485.52951338632
194,85122.24404208912
1770,262266.5440857844
2143,110158.49689828239
1229,208034.9410513077
511,263072.6706069821
46,215945.55729749857
1348,170960.37037828172
2465,224699.45496538715
387,262564.6873601625
873,204270.79173119238
1918,118299.01651022103
2764,254220.3504144861
2184,123782.16730919748
934,164715.69594014838
1920,122227.4935436496
2631,152063.27284136708
1768,474333.97546668566
2040,105383.11391713553
1749,249984.39030031566
834,220698.3309643709
1457,257171.39583021123
79,122688.00599271964
2302,126756.0649931101
1817,132923.8360381373
2755,228988.04185226138
359,186319.1196903207
2059,110255.65454048665
2092,245501.2021822457
2516,243312.84719522708
150,126969.6719552095
1656,150444.00831354063
83,98515.97434215697
2411,185874.27873040058
795,77881.11498910794
2312,255158.53767424924
2917,103853.86088063139
1624,212482.34243224413
2215,268792.1077228191
1211,147284.87866373188
1485,147443.33532978
1024,150906.07582968642
570,185237.1064840302
2874,144226.81568663963
700,133919.02181150194
2756,222191.9757686365
2022,197727.65313695322
583,230666.3722042902
2392,330760.74770161376
2424,213153.6978944768
212,107718.1499393995
736,138471.3305402866
1610,155742.2715758845
890,113183.91732910005
467,197376.87556512846
578,265747.9724565007
1747,189590.57175862044
1149,164578.19017546167
2758,221224.18775657116
857,135306.02431362015
2219,276452.42068827705
733,113165.35071712166
2909,148708.35989153825
1798,279662.36515343667
235,94665.51510355975
2366,149255.75757043457
1027,143310.23074732526
1195,124596.88872651958
1303,41018.63235481542
148,159902.8132930634
608,131054.66293623381
2515,223082.2304497021
821,259321.70331878186
2500,282534.806937972
745,105373.86563182768
741,136822.30963236865
1611,95690.68422150558
2532,115010.13852765398
1081,214810.33283258133
1692,356493.89425074053
2520,175743.95023636732
276,149761.20638840372
1992,144833.3090344688
663,50214.61871092458
418,147669.7754320627
1733,215280.52434195066
2359,151253.33090934766
253,206286.03162591407
1518,184553.26811716618
2035,145853.02477401562
2919,108431.97921636784
1540,250454.94288704518
2120,135577.1098398367
1674,182587.74002945362
256,154128.78234715224
2361,95723.33928748993
978,75422.86871659447
2280,147526.21619920642
2095,243784.38595561084
1709,308068.8123164332
2801,263720.4223617242
1246,108469.69227914745
2373,133144.2292618754
1055,253901.76082771734
2017,120665.82469051804
1099,279558.85325809754
1344,100769.57676791737
835,170743.62695478273
1117,219901.82311155123
2043,103718.25754619134
2085,137138.1990768462
410,170893.2879905661
2650,139539.78107623928
2867,173065.95870243292
1668,115285.20956858424
1161,203092.56209723683
2122,166611.1261334048
2539,140254.18771005835
1047,151053.3449653441
1445,124126.55004371019
541,150983.4324885544
569,216930.22949363035
1276,119499.33596470753
918,162521.0815273712
326,160911.94635322053
1936,126824.84087326261
895,91725.19803037705
257,133190.115759974
1241,168503.1825987692
1545,128181.58822793064
1189,168871.89457692427
270,147443.33532978
2066,151389.28065247094
693,113056.81063786572
1259,119034.18432748916
2916,137637.61513769958
2321,266679.25537646527
1977,99602.6800710323
1895,152197.05993073326
1240,150808.74671989234
85,137460.2896047516
1823,105472.57435437657
825,273008.45644347597
110,216117.835416417
697,130816.73157750485
2297,118327.02572059652
1231,129062.54215798856
1355,129041.41036792147
968,297899.4155563171
584,230513.05862012887
1315,148395.33735871155
1606,134065.90760459568
206,102459.74726140646
1685,296189.8306201491
2016,136813.99576328992
869,239861.067213186
2135,113281.72696083554
2346,172325.17211756136
2430,222338.10760513527
2198,87703.87568261322
2652,121754.53009433116
27,96789.68842724936
241,183180.90743061627
906,110001.5573219117
1506,120002.81311883974
2098,332463.1348985179
1435,204342.4426826996
2213,120852.679979583
1274,148458.45277272456
743,50702.402446336666
1737,211657.83554800443
2797,283817.75605366286
2185,91274.70793367359
58,208994.38588194465
830,202965.5953613963
808,153686.66973682065
680,141469.85237041442
1153,109797.44882702186
1291,149090.88557152954
1818,174518.7878916388
2161,222036.46834649984
1883,116480.10162580032
350,311213.2119847465
2473,172168.55525481803
295,170997.2417038815
293,194977.40450663597
859,117119.55470079926
288,58563.33288723845
1578,171497.2464657857
102,192956.3142532587
2831,210271.8127919374
1030,165020.8072962477
2551,142447.2489410414
1286,140237.59497192944
958,282197.485431596
776,122936.39942404242
72,196315.40563498958
2263,253040.54209971882
1866,146258.109052606
2876,72699.90741706792
2146,286247.57764216675
103,206697.204743343
1500,167527.35213629174
492,201744.49580678492
167,130307.74072264244
2597,112491.36227734206
2685,107360.52215633563
1035,161545.40088633267
1220,72741.67682379119
2602,164994.70516814478
2159,246498.40676315496
695,151385.0546876082
1109,244785.7994229669
640,151330.99551673917
1652,149082.56371514822
2090,193030.1124593818
1188,174469.3638011691
2345,258209.6764043301
1059,359852.11477247835
2751,246386.10992123617
128,193634.24478326997
1523,178643.40056860424
2925,141033.2640677807
2145,278859.95210257807
1121,236795.51545836942
566,306139.21864757064
565,259189.92876877982
1331,136553.01839393118
2928,130370.83345406207
156,129348.08548625711
797,133723.91082740904
327,110018.38503032459
2859,138627.96706151697
1453,117620.15463262655
1762,299883.779833376
1868,213795.7564639489
1760,199891.84912690992
1113,251626.31687846888
1812,202774.55721244807
117,182523.95314292033
1142,196011.30796113875
2342,308151.0499962179
927,123536.1315516296
2478,208562.61354128114
655,74697.77699162521
2064,124230.99217942517
369,223056.5199939664
2239,111144.48660363794
2732,194259.82685892336
1653,164544.48856269225
959,240598.88601586208
2395,303442.1049114575
1412,111802.27002349227
271,253903.1741394209
1484,147443.33532978
1497,134876.7109963148
552,216646.3315144659
2,113532.05128618173
1855,253020.31085883154
4,213662.60618131538
2292,141042.0646984491
134,132239.29683768217
646,97088.18342997925
42,284966.62329613336
532,221830.26097662322
713,104527.98477774808
2561,120339.06609272228
2360,123100.97033509001
1333,130343.70822118453
1407,196681.73352856576
2892,258062.58699473695
574,252767.3382525918
1227,171248.00068935033
2591,189143.28519019333
1476,214790.09202410773
1125,276579.767742107
1446,144151.581066187
408,153601.87177135184
1101,284553.0207150171
2251,166938.53520966176
373,182737.14253638123
2554,123281.60219457935
2382,251765.20699011997
1985,93074.1330396017
519,234914.02183236502
1093,209849.4113250063
864,288976.2629395565
2889,137678.7187097192
2308,150472.1005101585
986,156209.19793350803
1302,139756.13362651263
585,168847.1271985859
2708,158357.45767369843
147,123765.80028913957
1441,216260.85498737873
383,187652.82162709115
285,147142.1425598272
181,116845.26100544354
358,216146.56254505142
780,160867.04407619426
258,222953.22005234205
1865,219081.10304952532
692,148722.29132345752
2902,282506.88349923515
508,264357.4088105249
2638,148621.35921933962
36,167367.08779147922
611,165754.92482836853
2281,102316.04789664631
1678,149151.43230898073
1696,349950.2078900278
1557,96781.27592473215
2180,171220.407849063
1726,231146.22436688744
951,140218.49241769253
267,247480.66870194522
2706,118747.58228116267
2221,192171.0390723005
1357,181612.1620327228
2901,277940.007979395
347,217475.69456357745
2164,196843.9398030308
1586,293822.55429455196
360,163947.94670561058
1769,241167.41279893307
2617,172085.9388362638
1879,142659.1452749873
991,217597.3209126247
1535,114697.11484192114
1191,157129.71207469533
1579,233408.05927874707
1882,147818.36001902167
1510,125463.54416656798
2196,170577.46450172886
1845,192956.3142532587
2336,360401.13822464785
942,107422.67577425863
861,123420.5154559691
2555,117630.52520952089
1392,130146.30710305189
2099,259223.9700573976
1543,150615.56985299784
948,259702.7418376502
1239,152597.72630607616
22,174092.47411841812
2796,227354.3543918867
2747,163796.18698459872
92,281877.03825446503
210,146439.26271520864
1858,206568.0676336235
2228,181934.9578786279
447,226971.2991875145
827,229783.31628039127
1649,215472.37309629816
682,138221.41054248862
2698,119925.81236093826
494,220237.97952828495
214,86433.15057972673
2441,274673.42655986553
2679,112951.00335461285
1336,108683.82823153478
465,217669.0523708863
1524,137794.09986706168
2543,103379.52108945561
631,133962.93811409554
2452,291616.93916793354
228,163256.94139593394
126,159957.48827874495
1092,225893.77234727994
1122,214153.7838929221
932,172115.31990525065
1980,91404.80337111907
2171,98937.77191302803
551,192167.78683205423
2768,155737.88043822302
2056,109047.3680371382
1159,335188.39752732497
2645,122973.07296237157
1174,205824.90963011378
2266,215657.1995332479
2462,353237.64203332673
1219,134590.6179606816
2922,180534.99700257735
118,129023.91281680804
474,193059.33613959805
2576,150107.68768356976
872,263750.29049271153
1077,232693.77068318994
1536,128125.32160039175
1150,113196.3136452136
2341,268651.6204244601
1931,148385.90988156764
2785,122795.81391868833
2538,118775.44073829733
597,217134.59377775202
464,226890.40691292408
233,203443.66060865784
2169,112251.38004742534
2123,186912.43758475242
1867,150337.2566971758
137,220339.4531679913
515,251381.3135333558
933,150615.56985299784
2784,166583.66174547336
972,169961.68097709346
599,152400.95735077874
2614,124440.22895250635
2582,119518.57292023949
1409,161241.3974408057
175,100039.10063627585
352,232072.70731239545
976,96456.90898680115
2134,229740.71103494402
984,115588.68452418057
2396,300221.4040482362
1673,150254.21632145875
404,147149.6147507683
607,138574.3405409812
814,137206.50667912242
868,232072.61290606277
2271,186986.82065145235
1633,229757.6936859418
337,163115.88447361474
2765,145342.8430233429
1746,221620.15281133863
368,289265.19973000983
2806,209998.93308108384
1662,197594.8970763083
1234,207314.3645853255
1373,129054.17966938
1672,102326.41142247348
1939,105883.2083156888
